x =[
41
40
38
38
33
31
33
28
24
21
22
28
43
44
25
21
22
24
37
38
37
14
16
14
18
12
15
20
13
16
21
26
28
27
29
29
36
41
39
27
23
20
16
22
40
42
37
35
35
35
34
26
27
31
31
31
28
27
24
26
13
17
21
18
21
13
14
12
10
16
18
24
25
24
24
21
17
10
9	
7	
4	
5	
2	
7	
7	
1	
2	
3	
2	
4	
5	
6	
9	
2	
7	
3	
3	
10
17
20
24
22
21
27
26
9	
12
14
19
14
13
9	
2	
6	
7	
6	
5	
5	
16
26
29
31
28
20
17
15
21
24
26
25
15
15
10
38
37
33
40
44
41
33
32
40
42
45
29
31
30
31
35
40
40
37
35
43
45
37
35
33
37
39
41
43
47
46
42
48
42
43];

y = [
    35
34
35
37
37
36
35
32
30
31
27
29
37
39
27
29
30
32
33
33
36
13
9
7
14
6
14
13
46
39
39
44
40
42
38
44
44
40
52
49
46
46
46
44
44
40
42
49
51
52
55
53
51
51
45
41
45
35
38
39
37
36
41
41
43
39
43
43
44
44
44
44
49
49
51
48
51
34
35
37
37
42
44
32
30
24
16
18
20
24
28
24
29
33
34
30
41
36
34
22
21
17
16
19
16
16
17
15
26
28
25
19
1
6
8
14
17
16
19
13
11
14
17
19
22
23
23
23
23
25
31
29
28
26
25
21
24
44
31
24
27
14
26
33
23
30
25
23
15
16
20
20
24
23
26
28
28
29
30
30
29
31
34
43
43
45
44
50];

figure
plot(x,y,'.');
hold on

m= [
    5
8
10
13
17
20
25
31
35
36
41
45];

n=[
    33
9
24
34
23
10
47
18
42
25
31
38];
%一级供应点
plot(m,n,'*');
hold on
% 标点
for i=1:12
   b=num2str(i);
   b=[' V',b];
   text(m(i),n(i),b,'FontSize',6);
end

hold on 
%中心供应点
plot(26,31,'p','LineWidth',3);
b=['  A',' '];
text(26,31,b,'FontSize',10);
hold on
%x,y轴
xlabel('x轴');
ylabel('y轴');


hold on
m1= [
    26
    5
8
10
13
17
20
25
31
35
36
41
45];

n1=[
    31
    33
9
24
34
23
10
47
18
42
25
31
38];

B =[11 5 7 2 5 4 6 8 11 8 12 13 10];
for i=1:13
    x=[m1(i),m1(B(i))];
    y=[n1(i),n1(B(i))];
    plot(x,y,'k');
    hold on;
end
x=[26,17];
y=[31,23];
plot(x,y,'k');

legend('二级供水站','一级供水站','中心站');